Wavescan
Product	Novaspec pro	
Version	4107 V1.0.2	
Serial Number	132402	
Date	26 September 2024	
Time	11:41:07	

Instrument Calibration Pass
26 September 2024 11:24:48

Start Wavelength	330 nm	
End Wavelength	800 nm	
Mode	Absorbance	

Sample	Peak 1	Peak 2	Peak 3	Peak 4	Peak 5	Peak 6	Peak 7	Peak 8		Wavelength	330	331	332	333	334	335	336	337	338	339	340	341	342	343	344	345	346	347	348	349	350	351	352	353	354	355	356	357	358	359	360	361	362	363	364	365	366	367	368	369	370	371	372	373	374	375	376	377	378	379	380	381	382	383	384	385	386	387	388	389	390	391	392	393	394	395	396	397	398	399	400	401	402	403	404	405	406	407	408	409	410	411	412	413	414	415	416	417	418	419	420	421	422	423	424	425	426	427	428	429	430	431	432	433	434	435	436	437	438	439	440	441	442	443	444	445	446	447	448	449	450	451	452	453	454	455	456	457	458	459	460	461	462	463	464	465	466	467	468	469	470	471	472	473	474	475	476	477	478	479	480	481	482	483	484	485	486	487	488	489	490	491	492	493	494	495	496	497	498	499	500	501	502	503	504	505	506	507	508	509	510	511	512	513	514	515	516	517	518	519	520	521	522	523	524	525	526	527	528	529	530	531	532	533	534	535	536	537	538	539	540	541	542	543	544	545	546	547	548	549	550	551	552	553	554	555	556	557	558	559	560	561	562	563	564	565	566	567	568	569	570	571	572	573	574	575	576	577	578	579	580	581	582	583	584	585	586	587	588	589	590	591	592	593	594	595	596	597	598	599	600	601	602	603	604	605	606	607	608	609	610	611	612	613	614	615	616	617	618	619	620	621	622	623	624	625	626	627	628	629	630	631	632	633	634	635	636	637	638	639	640	641	642	643	644	645	646	647	648	649	650	651	652	653	654	655	656	657	658	659	660	661	662	663	664	665	666	667	668	669	670	671	672	673	674	675	676	677	678	679	680	681	682	683	684	685	686	687	688	689	690	691	692	693	694	695	696	697	698	699	700	701	702	703	704	705	706	707	708	709	710	711	712	713	714	715	716	717	718	719	720	721	722	723	724	725	726	727	728	729	730	731	732	733	734	735	736	737	738	739	740	741	742	743	744	745	746	747	748	749	750	751	752	753	754	755	756	757	758	759	760	761	762	763	764	765	766	767	768	769	770	771	772	773	774	775	776	777	778	779	780	781	782	783	784	785	786	787	788	789	790	791	792	793	794	795	796	797	798	799	800	
 1	343(0.094)	516(0.669)								Absorbance  1	0.068	0.071	0.074	0.077	0.080	0.082	0.084	0.086	0.088	0.088	0.090	0.092	0.094	0.094	0.092	0.091	0.091	0.090	0.089	0.087	0.085	0.084	0.083	0.081	0.079	0.077	0.076	0.074	0.073	0.072	0.070	0.069	0.068	0.067	0.066	0.064	0.064	0.064	0.063	0.063	0.062	0.061	0.061	0.061	0.060	0.059	0.059	0.058	0.058	0.057	0.058	0.059	0.060	0.061	0.061	0.061	0.061	0.061	0.061	0.061	0.062	0.062	0.062	0.062	0.062	0.063	0.064	0.064	0.064	0.064	0.065	0.065	0.065	0.065	0.065	0.066	0.066	0.066	0.066	0.066	0.066	0.066	0.065	0.063	0.062	0.063	0.063	0.063	0.063	0.063	0.064	0.064	0.064	0.064	0.064	0.064	0.065	0.065	0.066	0.066	0.066	0.066	0.066	0.067	0.067	0.068	0.069	0.069	0.070	0.071	0.072	0.073	0.074	0.076	0.077	0.078	0.080	0.082	0.083	0.085	0.086	0.087	0.089	0.090	0.092	0.096	0.101	0.105	0.107	0.109	0.113	0.116	0.120	0.124	0.129	0.134	0.139	0.145	0.151	0.158	0.165	0.172	0.180	0.188	0.195	0.203	0.211	0.219	0.226	0.233	0.240	0.245	0.250	0.256	0.261	0.266	0.271	0.274	0.279	0.283	0.289	0.295	0.299	0.305	0.312	0.323	0.336	0.351	0.365	0.381	0.397	0.415	0.434	0.456	0.478	0.496	0.518	0.540	0.563	0.588	0.611	0.631	0.645	0.656	0.663	0.668	0.669	0.666	0.659	0.646	0.629	0.608	0.586	0.556	0.524	0.492	0.459	0.427	0.392	0.356	0.327	0.294	0.264	0.236	0.211	0.188	0.168	0.150	0.134	0.123	0.110	0.099	0.090	0.082	0.075	0.069	0.065	0.063	0.062	0.060	0.057	0.055	0.053	0.050	0.047	0.046	0.045	0.045	0.044	0.044	0.044	0.044	0.044	0.043	0.044	0.045	0.045	0.045	0.045	0.045	0.045	0.045	0.046	0.045	0.043	0.041	0.040	0.041	0.041	0.041	0.041	0.041	0.041	0.041	0.040	0.040	0.040	0.040	0.040	0.041	0.041	0.041	0.041	0.042	0.043	0.044	0.045	0.044	0.044	0.044	0.043	0.043	0.043	0.043	0.043	0.043	0.044	0.044	0.043	0.043	0.043	0.043	0.044	0.044	0.043	0.043	0.042	0.042	0.042	0.042	0.043	0.043	0.043	0.043	0.043	0.044	0.044	0.044	0.044	0.045	0.045	0.044	0.044	0.045	0.045	0.045	0.045	0.045	0.044	0.044	0.043	0.042	0.042	0.041	0.042	0.043	0.044	0.044	0.044	0.043	0.043	0.043	0.043	0.043	0.043	0.043	0.042	0.042	0.041	0.041	0.042	0.042	0.043	0.043	0.043	0.043	0.043	0.042	0.042	0.042	0.042	0.042	0.042	0.043	0.042	0.042	0.042	0.041	0.042	0.041	0.041	0.041	0.041	0.041	0.041	0.041	0.041	0.041	0.041	0.041	0.041	0.041	0.041	0.041	0.041	0.041	0.040	0.040	0.041	0.041	0.041	0.041	0.040	0.040	0.040	0.041	0.041	0.041	0.041	0.040	0.040	0.040	0.041	0.041	0.041	0.041	0.041	0.041	0.041	0.040	0.040	0.040	0.040	0.039	0.039	0.039	0.038	0.037	0.036	0.036	0.037	0.037	0.038	0.038	0.039	0.039	0.040	0.040	0.040	0.041	0.041	0.041	0.041	0.041	0.040	0.041	0.041	0.041	0.041	0.041	0.041	0.040	0.040	0.040	0.040	0.040	0.040	0.040	0.039	0.038	0.038	0.039	0.040	0.041	0.041	0.041	0.041	0.041	0.041	0.041	0.041	0.040	0.040	0.040	0.040	0.040	0.040	0.040	0.040	0.040	0.040	0.040	0.041	0.041	0.041	0.041	0.041	0.041	0.041	0.041	0.039	0.038	0.038	0.038	0.038	0.038	0.038	0.039	0.039	0.040	0.039	
